100	1000	1e-08	1e-05	0.1	-0.01	18	0.00711111	0.256
200	1000	1e-08	1e-05	0.1	-0.01	20	0.007275	0.291
300	1000	1e-08	1e-05	0.1	-0.01	17	0.00952941	0.324
400	1000	1e-08	1e-05	0.1	-0.01	13	0.0213462	0.555
500	1000	1e-08	1e-05	0.1	-0.01	20	0.022875	0.915
600	1000	1e-08	1e-05	0.1	-0.01	23	0.0226957	1.044
700	1000	1e-08	1e-05	0.1	-0.01	22	0.01725	0.759
800	1000	1e-08	1e-05	0.1	-0.01	21	0.0163095	0.685
900	1000	1e-08	1e-05	0.1	-0.01	19	0.0252105	0.958
1000	1000	1e-08	1e-05	0.1	-0.01	26	0.0192885	1.003
1100	1000	1e-08	1e-05	0.1	-0.01	26	0.0192885	1.003
1200	1000	1e-08	1e-05	0.1	-0.01	21	0.0300476	1.262
1300	1000	1e-08	1e-05	0.1	-0.01	21	0.0259286	1.089
1400	1000	1e-08	1e-05	0.1	-0.01	23	0.0359565	1.654
1500	1000	1e-08	1e-05	0.1	-0.01	21	0.0415238	1.744
1600	1000	1e-08	1e-05	0.1	-0.01	33	0.0278788	1.84
1700	1000	1e-08	1e-05	0.1	-0.01	26	0.0338462	1.76
1800	1000	1e-08	1e-05	0.1	-0.01	27	0.0211481	1.142
1900	1000	1e-08	1e-05	0.1	-0.01	28	0.0214107	1.199
2000	1000	1e-08	1e-05	0.1	-0.01	36	0.0150278	1.082
2100	1000	1e-08	1e-05	0.1	-0.01	29	0.0152414	0.884
2200	1000	1e-08	1e-05	0.1	-0.01	29	0.0139828	0.811
100	1000	1e-08	1e-05	0.1	-0.01	16	0.00603125	0.193	2.30398e-05
200	1000	1e-08	1e-05	0.1	-0.01	16	0.00871875	0.279	2.84097e-05
300	1000	1e-08	1e-05	0.1	-0.01	27	0.0092037	0.497	5.17895e-05
400	1000	1e-08	1e-05	0.1	-0.01	20	0.01625	0.65	5.91594e-05
500	1000	1e-08	1e-05	0.1	-0.01	22	0.0137273	0.604	6.31594e-05
600	1000	1e-08	1e-05	0.1	-0.01	25	0.0147	0.735	8.44892e-05
700	1000	1e-08	1e-05	0.1	-0.01	23	0.0197174	0.907	8.45592e-05
800	1000	1e-08	1e-05	0.1	-0.01	17	0.0282059	0.959	7.73992e-05
900	1000	1e-08	1e-05	0.1	-0.01	20	0.02705	1.082	7.60592e-05
1000	1000	1e-08	1e-05	0.1	-0.01	27	0.027537	1.487	8.56591e-05
1100	1000	1e-08	1e-05	0.1	-0.01	29	0.0265862	1.542	9.25391e-05
