100	1000	1e-08	1e-05	0.1	-0.1	14
200	1000	1e-08	1e-05	0.1	-0.1	17
300	1000	1e-08	1e-05	0.1	-0.1	15
400	1000	1e-08	1e-05	0.1	-0.1	18
500	1000	1e-08	1e-05	0.1	-0.1	14
600	1000	1e-08	1e-05	0.1	-0.1	18
700	1000	1e-08	1e-05	0.1	-0.1	7
800	1000	1e-08	1e-05	0.1	-0.1	13
900	1000	1e-08	1e-05	0.1	-0.1	18
1000	1000	1e-08	1e-05	0.1	-0.1	14
1100	1000	1e-08	1e-05	0.1	-0.1	13
1200	1000	1e-08	1e-05	0.1	-0.1	19
1300	1000	1e-08	1e-05	0.1	-0.1	16
1400	1000	1e-08	1e-05	0.1	-0.1	21
1500	1000	1e-08	1e-05	0.1	-0.1	18
1600	1000	1e-08	1e-05	0.1	-0.1	14
1700	1000	1e-08	1e-05	0.1	-0.1	16
1800	1000	1e-08	1e-05	0.1	-0.1	16
1900	1000	1e-08	1e-05	0.1	-0.1	20
2000	1000	1e-08	1e-05	0.1	-0.1	17
2100	1000	1e-08	1e-05	0.1	-0.1	19
2200	1000	1e-08	1e-05	0.1	-0.1	20
100	1000	1e-08	1e-05	0.1	-0.1	14	0.00264286
200	1000	1e-08	1e-05	0.1	-0.1	11	0.004
300	1000	1e-08	1e-05	0.1	-0.1	12	0.00525
400	1000	1e-08	1e-05	0.1	-0.1	13	0.00376923
500	1000	1e-08	1e-05	0.1	-0.1	16	0.00646875
600	1000	1e-08	1e-05	0.1	-0.1	14	0.00264286
700	1000	1e-08	1e-05	0.1	-0.1	12	0.0114583
800	1000	1e-08	1e-05	0.1	-0.1	18	0.0055
900	1000	1e-08	1e-05	0.1	-0.1	12	0.005125
1000	1000	1e-08	1e-05	0.1	-0.1	10	0.00385
1100	1000	1e-08	1e-05	0.1	-0.1	22	0.00547727
1200	1000	1e-08	1e-05	0.1	-0.1	19	0.006
1300	1000	1e-08	1e-05	0.1	-0.1	18	0.00286111
1400	1000	1e-08	1e-05	0.1	-0.1	10	0.00405
1500	1000	1e-08	1e-05	0.1	-0.1	17	0.00752941
1600	1000	1e-08	1e-05	0.1	-0.1	6	0.00483333
1700	1000	1e-08	1e-05	0.1	-0.1	12	0.00566667
1800	1000	1e-08	1e-05	0.1	-0.1	17	0.00355882
1900	1000	1e-08	1e-05	0.1	-0.1	16	0.006
100	1000	1e-08	1e-05	0.1	-0.1	16	0.00325	0.104
200	1000	1e-08	1e-05	0.1	-0.1	17	0.0107941	0.367
300	1000	1e-08	1e-05	0.1	-0.1	15	0.0051	0.153
400	1000	1e-08	1e-05	0.1	-0.1	11	0.00268182	0.059
500	1000	1e-08	1e-05	0.1	-0.1	9	0.00111111	0.02
600	1000	1e-08	1e-05	0.1	-0.1	22	0.00488636	0.215
700	1000	1e-08	1e-05	0.1	-0.1	19	0.00778947	0.296
800	1000	1e-08	1e-05	0.1	-0.1	11	0.00736364	0.162
900	1000	1e-08	1e-05	0.1	-0.1	11	0.00304545	0.067
1000	1000	1e-08	1e-05	0.1	-0.1	12	0.00491667	0.118
